2 9 18 1 
-0.811225 -3.06165 -2.09115 1.56897 -1.40116 -1.43729 -3.02024 -4.49394 -0.678752 -9.30388 -1.95205 -1.48886 -0.473379 -0.841357 -0.714566 4.38387 3.46194 -2.42056 
-1.20866 0.126089 2.52228 -5.56885 -4.52389 -2.14652 1.53818 7.9736 1.59261 4.82299 -1.12862 -0.526581 3.75008 -0.240268 1.8452 2.86076 -0.449297 -3.32288 
-0.827029 -1.73508 1.26794 5.45688 -5.11361 0.93727 2.35051 -6.24188 2.03195 4.99182 0.0687859 0.502824 5.58975 0.868647 2.02702 -4.85966 2.0394 -0.761367 
2.33703 0.403479 0.15211 2.82532 2.12919 1.79714 3.2283 -4.2731 1.72453 4.41365 -3.06235 0.377913 -2.35866 -1.48889 1.9177 3.0148 1.6433 1.58544 
-1.29785 -0.42076 2.00078 1.37778 9.39168 -0.998283 3.65107 2.32279 1.77591 5.7408 -2.51991 0.0476663 -7.77818 1.43554 1.70738 -3.4074 0.260713 -1.90102 
-1.21247 3.62149 -1.30702 -0.718245 3.33321 -1.48186 -7.61553 1.61947 1.82212 2.71679 3.79798 -0.699486 -0.964995 -0.469212 1.97265 2.81857 -3.43952 -1.10711 
1.59532 -0.968068 2.80638 -6.34724 1.77718 4.4711 2.31835 3.83021 2.33612 5.67246 -0.86841 0.02305 -0.632092 -2.34521 2.06508 -3.82991 -2.61015 3.39871 
1.25642 2.33472 3.39345 -3.54963 -1.91319 -3.00594 2.74958 0.477222 2.19672 4.64691 1.53399 -0.079575 1.76921 -1.75735 1.7567 0.992559 4.89125 7.86244 
-0.397973 1.46234 0.588779 3.08177 -8.18528 1.02677 1.48854 1.67264 2.31719 3.83678 -1.95208 -0.2202 8.38924 -0.99266 1.88751 -1.16065 -2.82727 -0.0317246 
-0.720821 5.16174 1.66693 4.23246 6.11606 3.01222 3.80761 -1.25187 2.37068 4.57339 -0.612283 0.197212 -5.69673 -0.224198 2.28585 1.48613 0.207775 1.50701 
3.19253 
-1.93645 
-1.91496 
3.37502 
1.82669 
3.07849 
2.53566 
-2.91984 
1.65283 
-2.08975 
-11.4754 
-3.03226 
-0.547787 
3.18931 
2.78475 
-1.84968 
2.06347 
2.01537 
2.29949 
